13 11 1
..2021.1202..
.X.X.X2X.X.X.
.1.........1.
1X.X.X.X.X.X1
..0..2.2..0..
.X.X.X.X.X.X.
..0..2.2..0..
1X.X.X.X.X.X1
.1.........1.
.X.X.X2X.X.X.
..2021.1202..
2
0 0 0 0 1 3
0 1 12 10 1 3


.............
.X.X.X.X.X0X.
............2
.X.X.X.X.X.X0
............2
.X.X.X.X.X.X.
...........12
.X.X.X.X.X.X.
.1...........
.X.X.X.X.X.X.
.............
10
0 0 8 2 3 10
0 1 1 6 11 13
1 0 10 3 2 9
1 0 11 4 4 10
1 0 10 4 5 10
1 0 9 4 6 10
1 1 2 8 6 13
1 0 8 4 7 10
2 0 11 2 1 1
2 0 8 1 1 1

.............
.X.X.X.X1X0X.
...........12
.X.X.X.X.X0X0
...........12
.X.X.X.X.X0X.
...........12
.X.X.X.X.X.X.
.12..........
.X.X.X.X.X.X.
.............
14
0 0 8 4 4 8
0 1 8 5 7 11
1 0 2 4 3 8
1 1 10 4 6 11
1 0 6 4 7 8
1 0 7 4 8 8
2 0 7 6 2 2
2 0 10 6 1 1
2 0 5 8 2 2
2 0 4 9 1 1
2 0 5 6 2 2
2 0 4 7 1 1
2 0 10 2 2 2
2 0 6 1 1 1

.............
.X.X.X.X0X2X.
...........20
.X.X.X.X.X1X1
.........1.2.
.X.X.X.X.X.X.
.2.1.........
1X1X.X.X.X.X.
0............
.X2X.X.X.X.X.
.............
9
0 0 2 4 4 8
0 1 4 8 3 8
1 1 2 10 5 8
1 0 3 4 8 8
2 0 10 4 2 2
2 0 11 6 2 2
2 0 2 6 2 2
2 0 8 0 1 1
2 0 1 8 2 2

........1....
.X.X.X.X0X2X.
...........20
.X.X.X.X.X1X1
.2.10....1.2.
.X.X.X.X.X.X0
.221.........
1X1X.X.X.X.X.
02...........
.X2X0X.X.X.X.
.............
9
0 0 4 2 1 7
0 1 6 8 3 7
1 0 2 4 3 7
1 1 12 8 3 7
1 0 2 3 4 7
1 0 2 2 7 7
2 0 4 10 1 1
2 0 10 4 2 2
2 0 11 6 2 2


....1.1.1....
.X2X0X.X0X2X.
02.........20
1X1X.X.X.X1X1
.2210...0122.
0X.X.X.X.X.X0
.2210...0122.
1X1X.X.X.X1X1
02.........20
.X2X0X.X0X2X.
....1.1.1....
4
0 0 2 0 0 3
0 1 10 10 0 3
1 0 0 0 7 3
1 1 12 10 7 3

....1.1.1....
.X2X0X.X0X2X.
02.........20
1X1X.X.X.X1X1
.2210...0122.
0X.X.X.X.X.X0
.2210...0122.
1X1X.X.X.X1X1
02.........20
.X2X0X.X0X2X.
....1.1.1....
2
0 0 0 0 1 3
0 1 12 10 1 3
1 0 0 3 2 7
1 0 0 2 3 7
1 1 10 6 3 7
1 0 2 4 7 7
1 1 12 8 7 7
1 0 2 3 8 7
2 0 4 10 1 1
2 0 9 6 1 1
4
0 0 1 0 0 3
0 1 12 8 0 3
1 0 3 0 2 3
1 1 10 10 3 3
..1.0.0.0.1..
.X2X1X.X1X2X.
0122.0.0.2210
1X.X.X.X.X.X1
120.22122.021
.X1X.X.X.X1X.
120.22122.021
1X.X.X.X.X.X1
0122.0.0.2210
.X2X1X.X1X2X.
..1.0.0.0.1..
2
0 0 0 1 1 3
0 1 12 10 1 3
..1.0.0.0.1..
.X2X1X.X1X2X.
0122.0.0.2210
1X.X.X.X.X.X1
120.22122.021
.X1X.X.X.X1X.
120.22122.021
1X.X.X.X.X.X1
0122.0.0.2210
.X2X1X.X1X2X.
..1.0.0.0.1..
3
0 0 0 0 0 3
0 1 12 10 1 3
1 0 0 1 8 3
..1.0.0.0.1..
.X2X1X.X1X2X.
0122.0.0.2210
1X.X.X.X.X.X1
120.22122.021
.X1X.X.X.X1X.
120.22122.021
1X.X.X.X.X.X1
0122.0.0.2210
.X2X1X.X1X2X.
..1.0.0.0.1..
3
0 0 1 0 0 3
0 1 12 10 1 3
1 0 0 1 1 3